"VariableSE3QuaternionRight" { 
  "#id" : 1, 
  "graph_id" : 1000, 
  "status" : 2, 
  "estimate" : [ 1, 0, 0, 0, 0, 1, 0, 0, 0, 0, 1, 0, 0, 0, 0, 1 ]
 }

"VariableSE3QuaternionRight" { 
  "#id" : 2, 
  "graph_id" : 1001, 
  "status" : 0, 
  "estimate" : [ -5.96046e-07, 1, 0, 0, -1, -5.96046e-07, -0, 0, -0, 0, 1, 0, 0, 0, 0, 1 ]
 }

"VariableSE3QuaternionRight" { 
  "#id" : 3, 
  "graph_id" : 1002, 
  "status" : 0, 
  "estimate" : [ 1, 0, 0, 0, 0, 1, 0, 0, 0, 0, 1, 0, 0, 0, 0, 1 ]
 }

"VariableSE3QuaternionRight" { 
  "#id" : 4, 
  "graph_id" : 1003, 
  "status" : 0, 
  "estimate" : [ -5.96046e-07, 1, 0, 0, -1, -5.96046e-07, -0, 0, -0, 0, 1, 0, 0, 0, 0, 1 ]
 }

"VariableSE3QuaternionRight" { 
  "#id" : 5, 
  "graph_id" : 1004, 
  "status" : 0, 
  "estimate" : [ -5.96046e-07, 1, 0, 6.12323e-17, -1, -5.96046e-07, -0, -1, -0, 0, 1, 0, 0, 0, 0, 1 ]
 }

"VariableSE3QuaternionRight" { 
  "#id" : 6, 
  "graph_id" : 1005, 
  "status" : 0, 
  "estimate" : [ -5.96046e-07, 1, 0, 1.22465e-16, -1, -5.96046e-07, -0, -2, -0, 0, 1, 0, 0, 0, 0, 1 ]
 }

"VariableSE3QuaternionRight" { 
  "#id" : 7, 
  "graph_id" : 1006, 
  "status" : 0, 
  "estimate" : [ -5.96046e-07, 1, 0, 1.83697e-16, -1, -5.96046e-07, -0, -3, -0, 0, 1, 0, 0, 0, 0, 1 ]
 }

"VariableSE3QuaternionRight" { 
  "#id" : 8, 
  "graph_id" : 1007, 
  "status" : 0, 
  "estimate" : [ -1, 1.22465e-16, 0, 1.83697e-16, -1.22465e-16, -1, 0, -3, 0, 0, 1, 0, 0, 0, 0, 1 ]
 }

"VariableSE3QuaternionRight" { 
  "#id" : 9, 
  "graph_id" : 1008, 
  "status" : 0, 
  "estimate" : [ -1, 1.22465e-16, 0, -1, -1.22465e-16, -1, 0, -3, 0, 0, 1, 0, 0, 0, 0, 1 ]
 }

"VariableSE3QuaternionRight" { 
  "#id" : 10, 
  "graph_id" : 1009, 
  "status" : 0, 
  "estimate" : [ -1, 1.22465e-16, 0, -2, -1.22465e-16, -1, 0, -3, 0, 0, 1, 0, 0, 0, 0, 1 ]
 }

"VariableSE3QuaternionRight" { 
  "#id" : 11, 
  "graph_id" : 1010, 
  "status" : 0, 
  "estimate" : [ -5.96046e-07, -1, 0, -2, 1, -5.96046e-07, 0, -3, 0, 0, 1, 0, 0, 0, 0, 1 ]
 }

"VariableSE3QuaternionRight" { 
  "#id" : 12, 
  "graph_id" : 1011, 
  "status" : 0, 
  "estimate" : [ -5.96046e-07, -1, 0, -2, 1, -5.96046e-07, 0, -2, 0, 0, 1, 0, 0, 0, 0, 1 ]
 }

"VariableSE3QuaternionRight" { 
  "#id" : 13, 
  "graph_id" : 1012, 
  "status" : 0, 
  "estimate" : [ -5.96046e-07, -1, 0, -2, 1, -5.96046e-07, 0, -1, 0, 0, 1, 0, 0, 0, 0, 1 ]
 }

"VariableSE3QuaternionRight" { 
  "#id" : 14, 
  "graph_id" : 1013, 
  "status" : 0, 
  "estimate" : [ -5.96046e-07, -1, 0, -2, 1, -5.96046e-07, 0, 0, 0, 0, 1, 0, 0, 0, 0, 1 ]
 }

"VariableSE3QuaternionRight" { 
  "#id" : 15, 
  "graph_id" : 1014, 
  "status" : 0, 
  "estimate" : [ 1, -2.4493e-16, 0, -2, 2.4493e-16, 1, 0, 0, 0, 0, 1, 0, 0, 0, 0, 1 ]
 }

"VariableSE3QuaternionRight" { 
  "#id" : 16, 
  "graph_id" : 1015, 
  "status" : 0, 
  "estimate" : [ -5.96046e-07, 1, 0, -2, -1, -5.96046e-07, -0, 0, -0, 0, 1, 0, 0, 0, 0, 1 ]
 }

"VariableSE3QuaternionRight" { 
  "#id" : 17, 
  "graph_id" : 1016, 
  "status" : 0, 
  "estimate" : [ -5.96046e-07, 1, 0, -2, -1, -5.96046e-07, -0, -1, -0, 0, 1, 0, 0, 0, 0, 1 ]
 }

"VariableSE3QuaternionRight" { 
  "#id" : 18, 
  "graph_id" : 1017, 
  "status" : 0, 
  "estimate" : [ -5.96046e-07, 1, 0, -2, -1, -5.96046e-07, -0, -2, -0, 0, 1, 0, 0, 0, 0, 1 ]
 }

"VariableSE3QuaternionRight" { 
  "#id" : 19, 
  "graph_id" : 1018, 
  "status" : 0, 
  "estimate" : [ -5.96046e-07, 1, 0, -2, -1, -5.96046e-07, -0, -3, -0, 0, 1, 0, 0, 0, 0, 1 ]
 }

"VariableSE3QuaternionRight" { 
  "#id" : 20, 
  "graph_id" : 1019, 
  "status" : 0, 
  "estimate" : [ -1, 3.67394e-16, 0, -2, -3.67394e-16, -1, 0, -3, 0, 0, 1, 0, 0, 0, 0, 1 ]
 }

"VariableSE3QuaternionRight" { 
  "#id" : 21, 
  "graph_id" : 1020, 
  "status" : 0, 
  "estimate" : [ -1, 3.67394e-16, 0, -3, -3.67394e-16, -1, 0, -3, 0, 0, 1, 0, 0, 0, 0, 1 ]
 }

"VariableSE3QuaternionRight" { 
  "#id" : 22, 
  "graph_id" : 1021, 
  "status" : 0, 
  "estimate" : [ -1, 3.67394e-16, 0, -4, -3.67394e-16, -1, 0, -3, 0, 0, 1, 0, 0, 0, 0, 1 ]
 }

"VariableSE3QuaternionRight" { 
  "#id" : 23, 
  "graph_id" : 1022, 
  "status" : 0, 
  "estimate" : [ -1, 3.67394e-16, 0, -5, -3.67394e-16, -1, 0, -3, 0, 0, 1, 0, 0, 0, 0, 1 ]
 }

"VariableSE3QuaternionRight" { 
  "#id" : 24, 
  "graph_id" : 1023, 
  "status" : 0, 
  "estimate" : [ -1, 3.67394e-16, 0, -6, -3.67394e-16, -1, 0, -3, 0, 0, 1, 0, 0, 0, 0, 1 ]
 }

"VariableSE3QuaternionRight" { 
  "#id" : 25, 
  "graph_id" : 1024, 
  "status" : 0, 
  "estimate" : [ -5.96046e-07, 1, 0, -6, -1, -5.96046e-07, -0, -3, -0, 0, 1, 0, 0, 0, 0, 1 ]
 }

"VariableSE3QuaternionRight" { 
  "#id" : 26, 
  "graph_id" : 1025, 
  "status" : 0, 
  "estimate" : [ -5.96046e-07, 1, 0, -6, -1, -5.96046e-07, -0, -4, -0, 0, 1, 0, 0, 0, 0, 1 ]
 }

"VariableSE3QuaternionRight" { 
  "#id" : 27, 
  "graph_id" : 1026, 
  "status" : 0, 
  "estimate" : [ -5.96046e-07, 1, 0, -6, -1, -5.96046e-07, -0, -5, -0, 0, 1, 0, 0, 0, 0, 1 ]
 }

"VariableSE3QuaternionRight" { 
  "#id" : 28, 
  "graph_id" : 1027, 
  "status" : 0, 
  "estimate" : [ -5.96046e-07, 1, 0, -6, -1, -5.96046e-07, -0, -6, -0, 0, 1, 0, 0, 0, 0, 1 ]
 }

"VariableSE3QuaternionRight" { 
  "#id" : 29, 
  "graph_id" : 1028, 
  "status" : 0, 
  "estimate" : [ -5.96046e-07, 1, 0, -6, -1, -5.96046e-07, -0, -7, -0, 0, 1, 0, 0, 0, 0, 1 ]
 }

"VariableSE3QuaternionRight" { 
  "#id" : 30, 
  "graph_id" : 1029, 
  "status" : 0, 
  "estimate" : [ -5.96046e-07, 1, 0, -6, -1, -5.96046e-07, -0, -8, -0, 0, 1, 0, 0, 0, 0, 1 ]
 }

"VariableSE3QuaternionRight" { 
  "#id" : 31, 
  "graph_id" : 1030, 
  "status" : 0, 
  "estimate" : [ -5.96046e-07, 1, 0, -6, -1, -5.96046e-07, -0, -9, -0, 0, 1, 0, 0, 0, 0, 1 ]
 }

"VariableSE3QuaternionRight" { 
  "#id" : 32, 
  "graph_id" : 1031, 
  "status" : 0, 
  "estimate" : [ -5.96046e-07, 1, 0, -6, -1, -5.96046e-07, -0, -10, -0, 0, 1, 0, 0, 0, 0, 1 ]
 }

"VariableSE3QuaternionRight" { 
  "#id" : 33, 
  "graph_id" : 1032, 
  "status" : 0, 
  "estimate" : [ -1, 3.67394e-16, 0, -6, -3.67394e-16, -1, 0, -10, 0, 0, 1, 0, 0, 0, 0, 1 ]
 }

"VariableSE3QuaternionRight" { 
  "#id" : 34, 
  "graph_id" : 1033, 
  "status" : 0, 
  "estimate" : [ -1, 3.67394e-16, 0, -7, -3.67394e-16, -1, 0, -10, 0, 0, 1, 0, 0, 0, 0, 1 ]
 }

"VariableSE3QuaternionRight" { 
  "#id" : 35, 
  "graph_id" : 1034, 
  "status" : 0, 
  "estimate" : [ -5.96046e-07, -1, 0, -7, 1, -5.96046e-07, 0, -10, 0, 0, 1, 0, 0, 0, 0, 1 ]
 }

"VariableSE3QuaternionRight" { 
  "#id" : 36, 
  "graph_id" : 1035, 
  "status" : 0, 
  "estimate" : [ -1, 3.67394e-16, 0, -7, -3.67394e-16, -1, 0, -10, 0, 0, 1, 0, 0, 0, 0, 1 ]
 }

"VariableSE3QuaternionRight" { 
  "#id" : 37, 
  "graph_id" : 1036, 
  "status" : 0, 
  "estimate" : [ -1, 3.67394e-16, 0, -8, -3.67394e-16, -1, 0, -10, 0, 0, 1, 0, 0, 0, 0, 1 ]
 }

"VariableSE3QuaternionRight" { 
  "#id" : 38, 
  "graph_id" : 1037, 
  "status" : 0, 
  "estimate" : [ -1, 3.67394e-16, 0, -9, -3.67394e-16, -1, 0, -10, 0, 0, 1, 0, 0, 0, 0, 1 ]
 }

"VariableSE3QuaternionRight" { 
  "#id" : 39, 
  "graph_id" : 1038, 
  "status" : 0, 
  "estimate" : [ -1, 3.67394e-16, 0, -10, -3.67394e-16, -1, 0, -10, 0, 0, 1, 0, 0, 0, 0, 1 ]
 }

"VariableSE3QuaternionRight" { 
  "#id" : 40, 
  "graph_id" : 1039, 
  "status" : 0, 
  "estimate" : [ -1, 3.67394e-16, 0, -11, -3.67394e-16, -1, 0, -10, 0, 0, 1, 0, 0, 0, 0, 1 ]
 }

"VariableSE3QuaternionRight" { 
  "#id" : 41, 
  "graph_id" : 1040, 
  "status" : 0, 
  "estimate" : [ -1, 3.67394e-16, 0, -12, -3.67394e-16, -1, 0, -10, 0, 0, 1, 0, 0, 0, 0, 1 ]
 }

"VariableSE3QuaternionRight" { 
  "#id" : 42, 
  "graph_id" : 1041, 
  "status" : 0, 
  "estimate" : [ -1, 3.67394e-16, 0, -13, -3.67394e-16, -1, 0, -10, 0, 0, 1, 0, 0, 0, 0, 1 ]
 }

"VariableSE3QuaternionRight" { 
  "#id" : 43, 
  "graph_id" : 1042, 
  "status" : 0, 
  "estimate" : [ 1, -3.67394e-16, 0, -13, 3.67394e-16, 1, 0, -10, 0, 0, 1, 0, 0, 0, 0, 1 ]
 }

"VariableSE3QuaternionRight" { 
  "#id" : 44, 
  "graph_id" : 1043, 
  "status" : 0, 
  "estimate" : [ 1, -3.67394e-16, 0, -12, 3.67394e-16, 1, 0, -10, 0, 0, 1, 0, 0, 0, 0, 1 ]
 }

"VariableSE3QuaternionRight" { 
  "#id" : 45, 
  "graph_id" : 1044, 
  "status" : 0, 
  "estimate" : [ 1, -3.67394e-16, 0, -11, 3.67394e-16, 1, 0, -10, 0, 0, 1, 0, 0, 0, 0, 1 ]
 }

"VariableSE3QuaternionRight" { 
  "#id" : 46, 
  "graph_id" : 1045, 
  "status" : 0, 
  "estimate" : [ 1, -3.67394e-16, 0, -10, 3.67394e-16, 1, 0, -10, 0, 0, 1, 0, 0, 0, 0, 1 ]
 }

"VariableSE3QuaternionRight" { 
  "#id" : 47, 
  "graph_id" : 1046, 
  "status" : 0, 
  "estimate" : [ 1, -3.67394e-16, 0, -9, 3.67394e-16, 1, 0, -10, 0, 0, 1, 0, 0, 0, 0, 1 ]
 }

"VariableSE3QuaternionRight" { 
  "#id" : 48, 
  "graph_id" : 1047, 
  "status" : 0, 
  "estimate" : [ 1, -3.67394e-16, 0, -8, 3.67394e-16, 1, 0, -10, 0, 0, 1, 0, 0, 0, 0, 1 ]
 }

"VariableSE3QuaternionRight" { 
  "#id" : 49, 
  "graph_id" : 1048, 
  "status" : 0, 
  "estimate" : [ -5.96046e-07, 1, 0, -8, -1, -5.96046e-07, -0, -10, -0, 0, 1, 0, 0, 0, 0, 1 ]
 }

"VariableSE3QuaternionRight" { 
  "#id" : 50, 
  "graph_id" : 1049, 
  "status" : 0, 
  "estimate" : [ -5.96046e-07, 1, 0, -8, -1, -5.96046e-07, -0, -11, -0, 0, 1, 0, 0, 0, 0, 1 ]
 }

"VariableSE3QuaternionRight" { 
  "#id" : 51, 
  "graph_id" : 1050, 
  "status" : 0, 
  "estimate" : [ -5.96046e-07, 1, 0, -8, -1, -5.96046e-07, -0, -12, -0, 0, 1, 0, 0, 0, 0, 1 ]
 }

"VariableSE3QuaternionRight" { 
  "#id" : 52, 
  "graph_id" : 1051, 
  "status" : 0, 
  "estimate" : [ -5.96046e-07, 1, 0, -8, -1, -5.96046e-07, -0, -13, -0, 0, 1, 0, 0, 0, 0, 1 ]
 }

"VariableSE3QuaternionRight" { 
  "#id" : 53, 
  "graph_id" : 1052, 
  "status" : 0, 
  "estimate" : [ -5.96046e-07, -1, 0, -8, 1, -5.96046e-07, 0, -13, 0, 0, 1, 0, 0, 0, 0, 1 ]
 }

"VariableSE3QuaternionRight" { 
  "#id" : 54, 
  "graph_id" : 1053, 
  "status" : 0, 
  "estimate" : [ -5.96046e-07, -1, 0, -8, 1, -5.96046e-07, 0, -12, 0, 0, 1, 0, 0, 0, 0, 1 ]
 }

"VariableSE3QuaternionRight" { 
  "#id" : 55, 
  "graph_id" : 1054, 
  "status" : 0, 
  "estimate" : [ -1, -1.22465e-16, 0, -8, 1.22465e-16, -1, 0, -12, 0, 0, 1, 0, 0, 0, 0, 1 ]
 }

"VariableSE3QuaternionRight" { 
  "#id" : 56, 
  "graph_id" : 1055, 
  "status" : 0, 
  "estimate" : [ -1, -1.22465e-16, 0, -9, 1.22465e-16, -1, 0, -12, 0, 0, 1, 0, 0, 0, 0, 1 ]
 }

"VariableSE3QuaternionRight" { 
  "#id" : 57, 
  "graph_id" : 1056, 
  "status" : 0, 
  "estimate" : [ -5.96046e-07, 1, 0, -9, -1, -5.96046e-07, -0, -12, -0, 0, 1, 0, 0, 0, 0, 1 ]
 }

"VariableSE3QuaternionRight" { 
  "#id" : 58, 
  "graph_id" : 1057, 
  "status" : 0, 
  "estimate" : [ 1, 2.4493e-16, 0, -9, -2.4493e-16, 1, -0, -12, -0, 0, 1, 0, 0, 0, 0, 1 ]
 }

"VariableSE3QuaternionRight" { 
  "#id" : 59, 
  "graph_id" : 1058, 
  "status" : 0, 
  "estimate" : [ 1, 2.4493e-16, 0, -8, -2.4493e-16, 1, -0, -12, -0, 0, 1, 0, 0, 0, 0, 1 ]
 }

"VariableSE3QuaternionRight" { 
  "#id" : 60, 
  "graph_id" : 1059, 
  "status" : 0, 
  "estimate" : [ 1, 2.4493e-16, 0, -7, -2.4493e-16, 1, -0, -12, -0, 0, 1, 0, 0, 0, 0, 1 ]
 }

"VariableSE3QuaternionRight" { 
  "#id" : 61, 
  "graph_id" : 1060, 
  "status" : 0, 
  "estimate" : [ -5.96046e-07, -1, 0, -7, 1, -5.96046e-07, 0, -12, 0, 0, 1, 0, 0, 0, 0, 1 ]
 }

"VariableSE3QuaternionRight" { 
  "#id" : 62, 
  "graph_id" : 1061, 
  "status" : 0, 
  "estimate" : [ -1, -3.67394e-16, 0, -7, 3.67394e-16, -1, 0, -12, 0, 0, 1, 0, 0, 0, 0, 1 ]
 }

"VariableSE3QuaternionRight" { 
  "#id" : 63, 
  "graph_id" : 1062, 
  "status" : 0, 
  "estimate" : [ -5.96046e-07, -1, 0, -7, 1, -5.96046e-07, 0, -12, 0, 0, 1, 0, 0, 0, 0, 1 ]
 }

"VariableSE3QuaternionRight" { 
  "#id" : 64, 
  "graph_id" : 1063, 
  "status" : 0, 
  "estimate" : [ 1, 2.4493e-16, 0, -7, -2.4493e-16, 1, -0, -12, -0, 0, 1, 0, 0, 0, 0, 1 ]
 }

"VariableSE3QuaternionRight" { 
  "#id" : 65, 
  "graph_id" : 1064, 
  "status" : 0, 
  "estimate" : [ 1, 2.4493e-16, 0, -6, -2.4493e-16, 1, -0, -12, -0, 0, 1, 0, 0, 0, 0, 1 ]
 }

"VariableSE3QuaternionRight" { 
  "#id" : 66, 
  "graph_id" : 1065, 
  "status" : 0, 
  "estimate" : [ -5.96046e-07, 1, 0, -6, -1, -5.96046e-07, -0, -12, -0, 0, 1, 0, 0, 0, 0, 1 ]
 }

"VariableSE3QuaternionRight" { 
  "#id" : 67, 
  "graph_id" : 1066, 
  "status" : 0, 
  "estimate" : [ -5.96046e-07, 1, 0, -6, -1, -5.96046e-07, -0, -13, -0, 0, 1, 0, 0, 0, 0, 1 ]
 }

"VariableSE3QuaternionRight" { 
  "#id" : 68, 
  "graph_id" : 1067, 
  "status" : 0, 
  "estimate" : [ -5.96046e-07, -1, 0, -6, 1, -5.96046e-07, 0, -13, 0, 0, 1, 0, 0, 0, 0, 1 ]
 }

"VariableSE3QuaternionRight" { 
  "#id" : 69, 
  "graph_id" : 1068, 
  "status" : 0, 
  "estimate" : [ -5.96046e-07, -1, 0, -6, 1, -5.96046e-07, 0, -12, 0, 0, 1, 0, 0, 0, 0, 1 ]
 }

"VariableSE3QuaternionRight" { 
  "#id" : 70, 
  "graph_id" : 1069, 
  "status" : 0, 
  "estimate" : [ -5.96046e-07, -1, 0, -6, 1, -5.96046e-07, 0, -11, 0, 0, 1, 0, 0, 0, 0, 1 ]
 }

"VariableSE3QuaternionRight" { 
  "#id" : 71, 
  "graph_id" : 1070, 
  "status" : 0, 
  "estimate" : [ -5.96046e-07, -1, 0, -6, 1, -5.96046e-07, 0, -10, 0, 0, 1, 0, 0, 0, 0, 1 ]
 }

"VariableSE3QuaternionRight" { 
  "#id" : 72, 
  "graph_id" : 1071, 
  "status" : 0, 
  "estimate" : [ -5.96046e-07, -1, 0, -6, 1, -5.96046e-07, 0, -9, 0, 0, 1, 0, 0, 0, 0, 1 ]
 }

"VariableSE3QuaternionRight" { 
  "#id" : 73, 
  "graph_id" : 1072, 
  "status" : 0, 
  "estimate" : [ -5.96046e-07, -1, 0, -6, 1, -5.96046e-07, 0, -8, 0, 0, 1, 0, 0, 0, 0, 1 ]
 }

"VariableSE3QuaternionRight" { 
  "#id" : 74, 
  "graph_id" : 1073, 
  "status" : 0, 
  "estimate" : [ 1, 0, 0, -6, 0, 1, 0, -8, 0, 0, 1, 0, 0, 0, 0, 1 ]
 }

"VariableSE3QuaternionRight" { 
  "#id" : 75, 
  "graph_id" : 1074, 
  "status" : 0, 
  "estimate" : [ -5.96046e-07, 1, 0, -6, -1, -5.96046e-07, -0, -8, -0, 0, 1, 0, 0, 0, 0, 1 ]
 }

"VariableSE3QuaternionRight" { 
  "#id" : 76, 
  "graph_id" : 1075, 
  "status" : 0, 
  "estimate" : [ -5.96046e-07, 1, 0, -6, -1, -5.96046e-07, -0, -9, -0, 0, 1, 0, 0, 0, 0, 1 ]
 }

"VariableSE3QuaternionRight" { 
  "#id" : 77, 
  "graph_id" : 1076, 
  "status" : 0, 
  "estimate" : [ -5.96046e-07, 1, 0, -6, -1, -5.96046e-07, -0, -10, -0, 0, 1, 0, 0, 0, 0, 1 ]
 }

"VariableSE3QuaternionRight" { 
  "#id" : 78, 
  "graph_id" : 1077, 
  "status" : 0, 
  "estimate" : [ -5.96046e-07, 1, 0, -6, -1, -5.96046e-07, -0, -11, -0, 0, 1, 0, 0, 0, 0, 1 ]
 }

"VariableSE3QuaternionRight" { 
  "#id" : 79, 
  "graph_id" : 1078, 
  "status" : 0, 
  "estimate" : [ -5.96046e-07, 1, 0, -6, -1, -5.96046e-07, -0, -12, -0, 0, 1, 0, 0, 0, 0, 1 ]
 }

"VariableSE3QuaternionRight" { 
  "#id" : 80, 
  "graph_id" : 1079, 
  "status" : 0, 
  "estimate" : [ -5.96046e-07, 1, 0, -6, -1, -5.96046e-07, -0, -13, -0, 0, 1, 0, 0, 0, 0, 1 ]
 }

"VariableSE3QuaternionRight" { 
  "#id" : 81, 
  "graph_id" : 1080, 
  "status" : 0, 
  "estimate" : [ -5.96046e-07, -1, 0, -6, 1, -5.96046e-07, 0, -13, 0, 0, 1, 0, 0, 0, 0, 1 ]
 }

"VariableSE3QuaternionRight" { 
  "#id" : 82, 
  "graph_id" : 1081, 
  "status" : 0, 
  "estimate" : [ -5.96046e-07, -1, 0, -6, 1, -5.96046e-07, 0, -12, 0, 0, 1, 0, 0, 0, 0, 1 ]
 }

"VariableSE3QuaternionRight" { 
  "#id" : 83, 
  "graph_id" : 1082, 
  "status" : 0, 
  "estimate" : [ -5.96046e-07, -1, 0, -6, 1, -5.96046e-07, 0, -11, 0, 0, 1, 0, 0, 0, 0, 1 ]
 }

"VariableSE3QuaternionRight" { 
  "#id" : 84, 
  "graph_id" : 1083, 
  "status" : 0, 
  "estimate" : [ -5.96046e-07, -1, 0, -6, 1, -5.96046e-07, 0, -10, 0, 0, 1, 0, 0, 0, 0, 1 ]
 }

"VariableSE3QuaternionRight" { 
  "#id" : 85, 
  "graph_id" : 1084, 
  "status" : 0, 
  "estimate" : [ -5.96046e-07, -1, 0, -6, 1, -5.96046e-07, 0, -9, 0, 0, 1, 0, 0, 0, 0, 1 ]
 }

"VariableSE3QuaternionRight" { 
  "#id" : 86, 
  "graph_id" : 1085, 
  "status" : 0, 
  "estimate" : [ -5.96046e-07, -1, 0, -6, 1, -5.96046e-07, 0, -8, 0, 0, 1, 0, 0, 0, 0, 1 ]
 }

"VariableSE3QuaternionRight" { 
  "#id" : 87, 
  "graph_id" : 1086, 
  "status" : 0, 
  "estimate" : [ -1, -1.22465e-16, 0, -6, 1.22465e-16, -1, 0, -8, 0, 0, 1, 0, 0, 0, 0, 1 ]
 }

"VariableSE3QuaternionRight" { 
  "#id" : 88, 
  "graph_id" : 1087, 
  "status" : 0, 
  "estimate" : [ -1, -1.22465e-16, 0, -7, 1.22465e-16, -1, 0, -8, 0, 0, 1, 0, 0, 0, 0, 1 ]
 }

"VariableSE3QuaternionRight" { 
  "#id" : 89, 
  "graph_id" : 1088, 
  "status" : 0, 
  "estimate" : [ -1, -1.22465e-16, 0, -8, 1.22465e-16, -1, 0, -8, 0, 0, 1, 0, 0, 0, 0, 1 ]
 }

"VariableSE3QuaternionRight" { 
  "#id" : 90, 
  "graph_id" : 1089, 
  "status" : 0, 
  "estimate" : [ -1, -1.22465e-16, 0, -9, 1.22465e-16, -1, 0, -8, 0, 0, 1, 0, 0, 0, 0, 1 ]
 }

"VariableSE3QuaternionRight" { 
  "#id" : 91, 
  "graph_id" : 1090, 
  "status" : 0, 
  "estimate" : [ -1, -1.22465e-16, 0, -10, 1.22465e-16, -1, 0, -8, 0, 0, 1, 0, 0, 0, 0, 1 ]
 }

"VariableSE3QuaternionRight" { 
  "#id" : 92, 
  "graph_id" : 1091, 
  "status" : 0, 
  "estimate" : [ -5.96046e-07, 1, 0, -10, -1, -5.96046e-07, -0, -8, -0, 0, 1, 0, 0, 0, 0, 1 ]
 }

"VariableSE3QuaternionRight" { 
  "#id" : 93, 
  "graph_id" : 1092, 
  "status" : 0, 
  "estimate" : [ -1, -1.22465e-16, 0, -10, 1.22465e-16, -1, 0, -8, 0, 0, 1, 0, 0, 0, 0, 1 ]
 }

"VariableSE3QuaternionRight" { 
  "#id" : 94, 
  "graph_id" : 1093, 
  "status" : 0, 
  "estimate" : [ -1, -1.22465e-16, 0, -11, 1.22465e-16, -1, 0, -8, 0, 0, 1, 0, 0, 0, 0, 1 ]
 }

"VariableSE3QuaternionRight" { 
  "#id" : 95, 
  "graph_id" : 1094, 
  "status" : 0, 
  "estimate" : [ -1, -1.22465e-16, 0, -12, 1.22465e-16, -1, 0, -8, 0, 0, 1, 0, 0, 0, 0, 1 ]
 }

"VariableSE3QuaternionRight" { 
  "#id" : 96, 
  "graph_id" : 1095, 
  "status" : 0, 
  "estimate" : [ -5.96046e-07, 1, 0, -12, -1, -5.96046e-07, -0, -8, -0, 0, 1, 0, 0, 0, 0, 1 ]
 }

"VariableSE3QuaternionRight" { 
  "#id" : 97, 
  "graph_id" : 1096, 
  "status" : 0, 
  "estimate" : [ -5.96046e-07, 1, 0, -12, -1, -5.96046e-07, -0, -9, -0, 0, 1, 0, 0, 0, 0, 1 ]
 }

"VariableSE3QuaternionRight" { 
  "#id" : 98, 
  "graph_id" : 1097, 
  "status" : 0, 
  "estimate" : [ -5.96046e-07, 1, 0, -12, -1, -5.96046e-07, -0, -10, -0, 0, 1, 0, 0, 0, 0, 1 ]
 }

"VariableSE3QuaternionRight" { 
  "#id" : 99, 
  "graph_id" : 1098, 
  "status" : 0, 
  "estimate" : [ -1, -1.22465e-16, 0, -12, 1.22465e-16, -1, 0, -10, 0, 0, 1, 0, 0, 0, 0, 1 ]
 }

"VariableSE3QuaternionRight" { 
  "#id" : 100, 
  "graph_id" : 1099, 
  "status" : 0, 
  "estimate" : [ -5.96046e-07, -1, 0, -12, 1, -5.96046e-07, 0, -10, 0, 0, 1, 0, 0, 0, 0, 1 ]
 }

"VariableSE3QuaternionRight" { 
  "#id" : 101, 
  "graph_id" : 1100, 
  "status" : 0, 
  "estimate" : [ -5.96046e-07, -1, 0, -12, 1, -5.96046e-07, 0, -9, 0, 0, 1, 0, 0, 0, 0, 1 ]
 }

"SE3PosePoseGeodesicErrorFactor" { 
  "#id" : 102, 
  "graph_id" : 0, 
  "enabled" : 1, 
  "variables" : [ 1000, 1001 ], 
  "measurement" : [ -0.00434446, 0.999289, 0.037414, -0.0146382, -0.999984, -0.00422192, -0.00335379, -0.013453, -0.00319341, -0.037428, 0.999294, 0.046065, 0, 0, 0, 1 ], 
  "information" : [ 100, 0, 0, 0, 0, 0, 100, 0, 0, 0, 0, 100, 0, 0, 0, 10000, 0, 0, 10000, 0, 10000 ]
 }

"SE3PosePoseGeodesicErrorFactor" { 
  "#id" : 103, 
  "graph_id" : 1, 
  "enabled" : 1, 
  "variables" : [ 1001, 1002 ], 
  "measurement" : [ -0.0233713, -0.999501, 0.0212348, 0.0827944, 0.999664, -0.0236022, -0.0106873, 0.0298595, 0.0111832, 0.0209779, 0.999717, 0.00102154, 0, 0, 0, 1 ], 
  "information" : [ 100, 0, 0, 0, 0, 0, 100, 0, 0, 0, 0, 100, 0, 0, 0, 10000, 0, 0, 10000, 0, 10000 ]
 }

"SE3PosePoseGeodesicErrorFactor" { 
  "#id" : 104, 
  "graph_id" : 2, 
  "enabled" : 1, 
  "variables" : [ 1002, 1003 ], 
  "measurement" : [ -0.0162566, 0.999786, 0.0129251, -0.104944, -0.998554, -0.0168966, 0.0510593, -0.0660682, 0.0512667, -0.0120764, 0.998612, 0.148596, 0, 0, 0, 1 ], 
  "information" : [ 100, 0, 0, 0, 0, 0, 100, 0, 0, 0, 0, 100, 0, 0, 0, 10000, 0, 0, 10000, 0, 10000 ]
 }

"SE3PosePoseGeodesicErrorFactor" { 
  "#id" : 105, 
  "graph_id" : 3, 
  "enabled" : 1, 
  "variables" : [ 1003, 1004 ], 
  "measurement" : [ 0.99993, 0.00972034, 0.0066929, 0.946022, -0.00958189, 0.999746, -0.0204158, -0.0888707, -0.00688964, 0.0203502, 0.999769, -0.0628956, 0, 0, 0, 1 ], 
  "information" : [ 100, 0, 0, 0, 0, 0, 100, 0, 0, 0, 0, 100, 0, 0, 0, 10000, 0, 0, 10000, 0, 10000 ]
 }

"SE3PosePoseGeodesicErrorFactor" { 
  "#id" : 106, 
  "graph_id" : 4, 
  "enabled" : 1, 
  "variables" : [ 1004, 1005 ], 
  "measurement" : [ 0.998716, 0.0460923, -0.0210093, 1.21089, -0.0459351, 0.998913, 0.00790523, -0.0121306, 0.0213508, -0.00693002, 0.999748, -0.0287389, 0, 0, 0, 1 ], 
  "information" : [ 100, 0, 0, 0, 0, 0, 100, 0, 0, 0, 0, 100, 0, 0, 0, 10000, 0, 0, 10000, 0, 10000 ]
 }

"SE3PosePoseGeodesicErrorFactor" { 
  "#id" : 107, 
  "graph_id" : 5, 
  "enabled" : 1, 
  "variables" : [ 1005, 1006 ], 
  "measurement" : [ 0.999529, 0.00527501, 0.0302399, 1.1455, -0.00445395, 0.999621, -0.0271547, -0.00615274, -0.0303717, 0.0270072, 0.999174, 0.0925328, 0, 0, 0, 1 ], 
  "information" : [ 100, 0, 0, 0, 0, 0, 100, 0, 0, 0, 0, 100, 0, 0, 0, 10000, 0, 0, 10000, 0, 10000 ]
 }

"SE3PosePoseGeodesicErrorFactor" { 
  "#id" : 108, 
  "graph_id" : 6, 
  "enabled" : 1, 
  "variables" : [ 1006, 1007 ], 
  "measurement" : [ 0.0129018, 0.999879, -0.00880627, 0.0197497, -0.999914, 0.0129244, 0.00250614, -0.100886, 0.00261966, 0.00877317, 0.999958, 0.0438945, 0, 0, 0, 1 ], 
  "information" : [ 100, 0, 0, 0, 0, 0, 100, 0, 0, 0, 0, 100, 0, 0, 0, 10000, 0, 0, 10000, 0, 10000 ]
 }

"SE3PosePoseGeodesicErrorFactor" { 
  "#id" : 109, 
  "graph_id" : 7, 
  "enabled" : 1, 
  "variables" : [ 1007, 1008 ], 
  "measurement" : [ 0.999843, 0.0115652, 0.0134406, 1.17764, -0.0117294, 0.999857, 0.0121986, -0.168599, -0.0132976, -0.0123543, 0.999835, 0.0469861, 0, 0, 0, 1 ], 
  "information" : [ 100, 0, 0, 0, 0, 0, 100, 0, 0, 0, 0, 100, 0, 0, 0, 10000, 0, 0, 10000, 0, 10000 ]
 }

"SE3PosePoseGeodesicErrorFactor" { 
  "#id" : 110, 
  "graph_id" : 8, 
  "enabled" : 1, 
  "variables" : [ 1008, 1009 ], 
  "measurement" : [ 0.999493, -0.0232754, 0.021708, 1.01494, 0.0235446, 0.999648, -0.0122267, -0.0103692, -0.0214157, 0.0127316, 0.99969, 0.153727, 0, 0, 0, 1 ], 
  "information" : [ 100, 0, 0, 0, 0, 0, 100, 0, 0, 0, 0, 100, 0, 0, 0, 10000, 0, 0, 10000, 0, 10000 ]
 }

"SE3PosePoseGeodesicErrorFactor" { 
  "#id" : 111, 
  "graph_id" : 9, 
  "enabled" : 1, 
  "variables" : [ 1009, 1010 ], 
  "measurement" : [ -0.0218048, 0.999328, 0.0294679, -0.205006, -0.999163, -0.0228025, 0.0339571, -0.117196, 0.0346062, -0.0287028, 0.998989, 0.0136395, 0, 0, 0, 1 ], 
  "information" : [ 100, 0, 0, 0, 0, 0, 100, 0, 0, 0, 0, 100, 0, 0, 0, 10000, 0, 0, 10000, 0, 10000 ]
 }

"SE3PosePoseGeodesicErrorFactor" { 
  "#id" : 112, 
  "graph_id" : 10, 
  "enabled" : 1, 
  "variables" : [ 1010, 1011 ], 
  "measurement" : [ 0.999454, -0.0294267, -0.0149924, 0.826015, 0.0298575, 0.999123, 0.0293719, 0.112422, 0.0141149, -0.0298035, 0.999456, -0.158694, 0, 0, 0, 1 ], 
  "information" : [ 100, 0, 0, 0, 0, 0, 100, 0, 0, 0, 0, 100, 0, 0, 0, 10000, 0, 0, 10000, 0, 10000 ]
 }

"SE3PosePoseGeodesicErrorFactor" { 
  "#id" : 113, 
  "graph_id" : 11, 
  "enabled" : 1, 
  "variables" : [ 1011, 1012 ], 
  "measurement" : [ 0.999784, 0.0207318, -0.00173347, 0.98872, -0.0207619, 0.999591, -0.0196668, 0.0754843, 0.00132503, 0.0196985, 0.999805, 0.0326633, 0, 0, 0, 1 ], 
  "information" : [ 100, 0, 0, 0, 0, 0, 100, 0, 0, 0, 0, 100, 0, 0, 0, 10000, 0, 0, 10000, 0, 10000 ]
 }

"SE3PosePoseGeodesicErrorFactor" { 
  "#id" : 114, 
  "graph_id" : 12, 
  "enabled" : 1, 
  "variables" : [ 1012, 1013 ], 
  "measurement" : [ 0.998284, -0.00535965, 0.0583138, 1.03892, 0.00564336, 0.999973, -0.00470169, -0.208402, -0.058287, 0.00502271, 0.998287, 0.0455092, 0, 0, 0, 1 ], 
  "information" : [ 100, 0, 0, 0, 0, 0, 100, 0, 0, 0, 0, 100, 0, 0, 0, 10000, 0, 0, 10000, 0, 10000 ]
 }

"SE3PosePoseGeodesicErrorFactor" { 
  "#id" : 115, 
  "graph_id" : 13, 
  "enabled" : 1, 
  "variables" : [ 1013, 1014 ], 
  "measurement" : [ 0.0212203, 0.999083, -0.0371706, 0.0272422, -0.999757, 0.0209891, -0.00659904, 0.320464, -0.00581286, 0.0373017, 0.999287, -0.209501, 0, 0, 0, 1 ], 
  "information" : [ 100, 0, 0, 0, 0, 0, 100, 0, 0, 0, 0, 100, 0, 0, 0, 10000, 0, 0, 10000, 0, 10000 ]
 }

"SE3PosePoseGeodesicErrorFactor" { 
  "#id" : 116, 
  "graph_id" : 14, 
  "enabled" : 1, 
  "variables" : [ 1014, 1000 ], 
  "measurement" : [ 0.999903, 0.0134866, 0.00352717, 2.01345, -0.0136092, 0.999208, 0.037398, -0.0146382, -0.00302001, -0.0374423, 0.999294, 0.046065, 0, 0, 0, 1 ], 
  "information" : [ 100, 0, 0, 0, 0, 0, 100, 0, 0, 0, 0, 100, 0, 0, 0, 10000, 0, 0, 10000, 0, 1000 ]
 }

"SE3PosePoseGeodesicErrorFactor" { 
  "#id" : 117, 
  "graph_id" : 15, 
  "enabled" : 1, 
  "variables" : [ 1014, 1002 ], 
  "measurement" : [ 0.997181, -0.0743451, -0.0101444, 2.02986, 0.0741142, 0.997018, -0.0214996, -0.0827944, 0.0117126, 0.0206871, 0.999717, 0.00102154, 0, 0, 0, 1 ], 
  "information" : [ 100, 0, 0, 0, 0, 0, 100, 0, 0, 0, 0, 100, 0, 0, 0, 10000, 0, 0, 10000, 0, 1000 ]
 }

"SE3PosePoseGeodesicErrorFactor" { 
  "#id" : 118, 
  "graph_id" : 16, 
  "enabled" : 1, 
  "variables" : [ 1014, 1015 ], 
  "measurement" : [ -0.00820255, 0.999734, 0.0215466, -0.000122802, -0.999797, -0.00780201, -0.0186064, -0.0404831, -0.0184334, -0.0216948, 0.999595, 0.141863, 0, 0, 0, 1 ], 
  "information" : [ 100, 0, 0, 0, 0, 0, 100, 0, 0, 0, 0, 100, 0, 0, 0, 10000, 0, 0, 10000, 0, 10000 ]
 }

"SE3PosePoseGeodesicErrorFactor" { 
  "#id" : 119, 
  "graph_id" : 17, 
  "enabled" : 1, 
  "variables" : [ 1015, 1000 ], 
  "measurement" : [ 0.0520805, -0.998546, -0.0138387, 0.104944, 0.997315, 0.0527206, -0.0508193, 2.06607, 0.051475, -0.0111549, 0.998612, 0.148596, 0, 0, 0, 1 ], 
  "information" : [ 100, 0, 0, 0, 0, 0, 100, 0, 0, 0, 0, 100, 0, 0, 0, 10000, 0, 0, 10000, 0, 1000 ]
 }

"SE3PosePoseGeodesicErrorFactor" { 
  "#id" : 120, 
  "graph_id" : 18, 
  "enabled" : 1, 
  "variables" : [ 1015, 1001 ], 
  "measurement" : [ 0.999511, 0.0305855, 0.00647948, -0.0539781, -0.0304471, 0.999326, -0.0204845, 1.91113, -0.00710164, 0.0202772, 0.999769, -0.0628956, 0, 0, 0, 1 ], 
  "information" : [ 100, 0, 0, 0, 0, 0, 100, 0, 0, 0, 0, 100, 0, 0, 0, 10000, 0, 0, 10000, 0, 1000 ]
 }

"SE3PosePoseGeodesicErrorFactor" { 
  "#id" : 121, 
  "graph_id" : 19, 
  "enabled" : 1, 
  "variables" : [ 1015, 1002 ], 
  "measurement" : [ 0.145083, -0.989379, -0.00894184, 0.0121306, 0.989182, 0.14524, -0.0205894, 2.21089, 0.0216695, -0.00585794, 0.999748, -0.0287389, 0, 0, 0, 1 ], 
  "information" : [ 100, 0, 0, 0, 0, 0, 100, 0, 0, 0, 0, 100, 0, 0, 0, 10000, 0, 0, 10000, 0, 1000 ]
 }

"SE3PosePoseGeodesicErrorFactor" { 
  "#id" : 122, 
  "graph_id" : 20, 
  "enabled" : 1, 
  "variables" : [ 1015, 1003 ], 
  "measurement" : [ 0.999422, 0.0157929, 0.0300967, 0.145502, -0.0149719, 0.999515, -0.0273134, 1.99385, -0.0305134, 0.026847, 0.999174, 0.0925328, 0, 0, 0, 1 ], 
  "information" : [ 100, 0, 0, 0, 0, 0, 100, 0, 0, 0, 0, 100, 0, 0, 0, 10000, 0, 0, 10000, 0, 1000 ]
 }

"SE3PosePoseGeodesicErrorFactor" { 
  "#id" : 123, 
  "graph_id" : 21, 
  "enabled" : 1, 
  "variables" : [ 1015, 1004 ], 
  "measurement" : [ 0.999163, -0.0408427, -0.00238293, 1.10089, 0.0408202, 0.999127, -0.00884039, 2.01975, 0.00274191, 0.00873572, 0.999958, 0.0438945, 0, 0, 0, 1 ], 
  "information" : [ 100, 0, 0, 0, 0, 0, 100, 0, 0, 0, 0, 100, 0, 0, 0, 10000, 0, 0, 10000, 0, 1000 ]
 }

"SE3PosePoseGeodesicErrorFactor" { 
  "#id" : 124, 
  "graph_id" : 22, 
  "enabled" : 1, 
  "variables" : [ 1015, 1005 ], 
  "measurement" : [ 0.999232, 0.0367442, 0.0135931, 2.17764, -0.0369083, 0.999246, 0.0120283, 1.8314, -0.0131409, -0.0125208, 0.999835, 0.0469861, 0, 0, 0, 1 ], 
  "information" : [ 100, 0, 0, 0, 0, 0, 100, 0, 0, 0, 0, 100, 0, 0, 0, 10000, 0, 0, 10000, 0, 1000 ]
 }

"SE3PosePoseGeodesicErrorFactor" { 
  "#id" : 125, 
  "graph_id" : 23, 
  "enabled" : 1, 
  "variables" : [ 1015, 1016 ], 
  "measurement" : [ 0.999764, 0.0127607, 0.0175946, 1.01261, -0.0126238, 0.999889, -0.00786931, -0.0358203, -0.017693, 0.00764534, 0.999814, -0.0569566, 0, 0, 0, 1 ], 
  "information" : [ 100, 0, 0, 0, 0, 0, 100, 0, 0, 0, 0, 100, 0, 0, 0, 10000, 0, 0, 10000, 0, 10000 ]
 }

"SE3PosePoseGeodesicErrorFactor" { 
  "#id" : 126, 
  "graph_id" : 24, 
  "enabled" : 1, 
  "variables" : [ 1016, 1004 ], 
  "measurement" : [ 0.997027, -0.0738485, 0.0220106, 0.0149386, 0.0741177, 0.997181, -0.0116731, 1.98963, -0.0210865, 0.0132698, 0.99969, 0.153727, 0, 0, 0, 1 ], 
  "information" : [ 100, 0, 0, 0, 0, 0, 100, 0, 0, 0, 0, 100, 0, 0, 0, 10000, 0, 0, 10000, 0, 1000 ]
 }

"SE3PosePoseGeodesicErrorFactor" { 
  "#id" : 127, 
  "graph_id" : 25, 
  "enabled" : 1, 
  "variables" : [ 1016, 1005 ], 
  "measurement" : [ 0.996923, 0.0709889, -0.0332363, 1.1172, -0.0699912, 0.997088, 0.0302788, 1.79499, 0.0352889, -0.0278594, 0.998989, 0.0136395, 0, 0, 0, 1 ], 
  "information" : [ 100, 0, 0, 0, 0, 0, 100, 0, 0, 0, 0, 100, 0, 0, 0, 10000, 0, 0, 10000, 0, 1000 ]
 }

"SE3PosePoseGeodesicErrorFactor" { 
  "#id" : 128, 
  "graph_id" : 26, 
  "enabled" : 1, 
  "variables" : [ 1016, 1006 ], 
  "measurement" : [ 0.995499, -0.0934283, -0.0159267, 1.82601, 0.0938591, 0.995167, 0.028876, 2.11242, 0.0131518, -0.0302409, 0.999456, -0.158694, 0, 0, 0, 1 ], 
  "information" : [ 100, 0, 0, 0, 0, 0, 100, 0, 0, 0, 0, 100, 0, 0, 0, 10000, 0, 0, 10000, 0, 1000 ]
 }

"SE3PosePoseGeodesicErrorFactor" { 
  "#id" : 129, 
  "graph_id" : 27, 
  "enabled" : 1, 
  "variables" : [ 1016, 1017 ], 
  "measurement" : [ 0.999951, 0.00620272, -0.00768324, 1.02042, -0.00640897, 0.999612, -0.0271162, -0.0677104, 0.00751206, 0.0271641, 0.999603, -0.2453, 0, 0, 0, 1 ], 
  "information" : [ 100, 0, 0, 0, 0, 0, 100, 0, 0, 0, 0, 100, 0, 0, 0, 10000, 0, 0, 10000, 0, 10000 ]
 }

"SE3PosePoseGeodesicErrorFactor" { 
  "#id" : 130, 
  "graph_id" : 28, 
  "enabled" : 1, 
  "variables" : [ 1017, 1005 ], 
  "measurement" : [ 0.997846, 0.0655604, -0.00217431, -0.01128, -0.0655905, 0.997654, -0.019623, 2.07548, 0.000882714, 0.0197233, 0.999805, 0.0326633, 0, 0, 0, 1 ], 
  "information" : [ 100, 0, 0, 0, 0, 0, 100, 0, 0, 0, 0, 100, 0, 0, 0, 10000, 0, 0, 10000, 0, 1000 ]
 }

"SE3PosePoseGeodesicErrorFactor" { 
  "#id" : 131, 
  "graph_id" : 29, 
  "enabled" : 1, 
  "variables" : [ 1017, 1006 ], 
  "measurement" : [ 0.998148, -0.0172548, 0.0583408, 1.03892, 0.0175385, 0.999837, -0.00435446, 1.7916, -0.0582561, 0.00536961, 0.998287, 0.0455092, 0, 0, 0, 1 ], 
  "information" : [ 100, 0, 0, 0, 0, 0, 100, 0, 0, 0, 0, 100, 0, 0, 0, 10000, 0, 0, 10000, 0, 1000 ]
 }

"SE3PosePoseGeodesicErrorFactor" { 
  "#id" : 132, 
  "graph_id" : 30, 
  "enabled" : 1, 
  "variables" : [ 1017, 1018 ], 
  "measurement" : [ 0.99999, 0.00182406, -0.0041631, 1.13572, -0.00182569, 0.999998, -0.000387693, -0.0608541, 0.00416239, 0.000395289, 0.999991, 0.132359, 0, 0, 0, 1 ], 
  "information" : [ 100, 0, 0, 0, 0, 0, 100, 0, 0, 0, 0, 100, 0, 0, 0, 10000, 0, 0, 10000, 0, 10000 ]
 }

"SE3PosePoseGeodesicErrorFactor" { 
  "#id" : 133, 
  "graph_id" : 31, 
  "enabled" : 1, 
  "variables" : [ 1018, 1006 ], 
  "measurement" : [ 0.997753, -0.0665871, 0.00744586, -0.320464, 0.0668183, 0.997078, -0.0370104, 2.02724, -0.00495969, 0.0374248, 0.999287, -0.209501, 0, 0, 0, 1 ], 
  "information" : [ 100, 0, 0, 0, 0, 0, 100, 0, 0, 0, 0, 100, 0, 0, 0, 10000, 0, 0, 10000, 0, 1000 ]
 }

"SE3PosePoseGeodesicErrorFactor" { 
  "#id" : 134, 
  "graph_id" : 32, 
  "enabled" : 1, 
  "variables" : [ 1018, 1019 ], 
  "measurement" : [ 0.00703359, 0.999852, -0.0157229, -0.161209, -0.99996, 0.00711888, 0.00537639, -0.0281664, 0.00548752, 0.0156845, 0.999862, -0.0316253, 0, 0, 0, 1 ], 
  "information" : [ 100, 0, 0, 0, 0, 0, 100, 0, 0, 0, 0, 100, 0, 0, 0, 10000, 0, 0, 10000, 0, 10000 ]
 }

"SE3PosePoseGeodesicErrorFactor" { 
  "#id" : 135, 
  "graph_id" : 33, 
  "enabled" : 1, 
  "variables" : [ 1019, 1020 ], 
  "measurement" : [ 0.999967, -0.00777157, 0.00246386, 0.994098, 0.00769216, 0.999497, 0.0307507, -0.177443, -0.00270161, -0.0307307, 0.999524, -0.00539041, 0, 0, 0, 1 ], 
  "information" : [ 100, 0, 0, 0, 0, 0, 100, 0, 0, 0, 0, 100, 0, 0, 0, 10000, 0, 0, 10000, 0, 10000 ]
 }

"SE3PosePoseGeodesicErrorFactor" { 
  "#id" : 136, 
  "graph_id" : 34, 
  "enabled" : 1, 
  "variables" : [ 1020, 1021 ], 
  "measurement" : [ 0.999272, 0.0336147, -0.0180287, 0.961196, -0.0336422, 0.999433, -0.00122334, 0.154308, 0.0179773, 0.00182897, 0.999837, -0.0644921, 0, 0, 0, 1 ], 
  "information" : [ 100, 0, 0, 0, 0, 0, 100, 0, 0, 0, 0, 100, 0, 0, 0, 10000, 0, 0, 10000, 0, 10000 ]
 }

"SE3PosePoseGeodesicErrorFactor" { 
  "#id" : 137, 
  "graph_id" : 35, 
  "enabled" : 1, 
  "variables" : [ 1021, 1022 ], 
  "measurement" : [ 0.999603, -0.0201752, -0.0196469, 0.941241, 0.0202264, 0.999793, 0.00240924, -0.0383684, 0.0195942, -0.00280567, 0.999804, -0.237398, 0, 0, 0, 1 ], 
  "information" : [ 100, 0, 0, 0, 0, 0, 100, 0, 0, 0, 0, 100, 0, 0, 0, 10000, 0, 0, 10000, 0, 10000 ]
 }

"SE3PosePoseGeodesicErrorFactor" { 
  "#id" : 138, 
  "graph_id" : 36, 
  "enabled" : 1, 
  "variables" : [ 1022, 1023 ], 
  "measurement" : [ 0.99972, 0.0101593, 0.0213827, 1.1175, -0.0108169, 0.999465, 0.0308656, 0.0465062, -0.0210577, -0.0310882, 0.999295, -0.0944311, 0, 0, 0, 1 ], 
  "information" : [ 100, 0, 0, 0, 0, 0, 100, 0, 0, 0, 0, 100, 0, 0, 0, 10000, 0, 0, 10000, 0, 10000 ]
 }

"SE3PosePoseGeodesicErrorFactor" { 
  "#id" : 139, 
  "graph_id" : 37, 
  "enabled" : 1, 
  "variables" : [ 1023, 1024 ], 
  "measurement" : [ -0.0177342, -0.999812, -0.00789661, -0.152626, 0.999843, -0.0177302, -0.000561657, -0.108715, 0.000421543, -0.00790533, 0.999969, -0.18694, 0, 0, 0, 1 ], 
  "information" : [ 100, 0, 0, 0, 0, 0, 100, 0, 0, 0, 0, 100, 0, 0, 0, 10000, 0, 0, 10000, 0, 10000 ]
 }

"SE3PosePoseGeodesicErrorFactor" { 
  "#id" : 140, 
  "graph_id" : 38, 
  "enabled" : 1, 
  "variables" : [ 1024, 1025 ], 
  "measurement" : [ 0.999897, 0.0044985, 0.0136137, 0.956941, -0.00457527, 0.999974, 0.00561346, 0.0281015, -0.0135881, -0.00567517, 0.999892, 0.098182, 0, 0, 0, 1 ], 
  "information" : [ 100, 0, 0, 0, 0, 0, 100, 0, 0, 0, 0, 100, 0, 0, 0, 10000, 0, 0, 10000, 0, 10000 ]
 }

"SE3PosePoseGeodesicErrorFactor" { 
  "#id" : 141, 
  "graph_id" : 39, 
  "enabled" : 1, 
  "variables" : [ 1025, 1026 ], 
  "measurement" : [ 0.999538, -0.0302827, -0.00258177, 0.88742, 0.0302914, 0.999535, 0.00339094, 0.0137044, 0.00247788, -0.00346758, 0.999991, -0.00395065, 0, 0, 0, 1 ], 
  "information" : [ 100, 0, 0, 0, 0, 0, 100, 0, 0, 0, 0, 100, 0, 0, 0, 10000, 0, 0, 10000, 0, 10000 ]
 }

"SE3PosePoseGeodesicErrorFactor" { 
  "#id" : 142, 
  "graph_id" : 40, 
  "enabled" : 1, 
  "variables" : [ 1026, 1027 ], 
  "measurement" : [ 0.999894, 0.0116105, -0.00876608, 0.963175, -0.0117806, 0.999738, -0.0196135, 0.00306945, 0.00853606, 0.0197147, 0.999769, -0.0149726, 0, 0, 0, 1 ], 
  "information" : [ 100, 0, 0, 0, 0, 0, 100, 0, 0, 0, 0, 100, 0, 0, 0, 10000, 0, 0, 10000, 0, 10000 ]
 }

"SE3PosePoseGeodesicErrorFactor" { 
  "#id" : 143, 
  "graph_id" : 41, 
  "enabled" : 1, 
  "variables" : [ 1027, 1028 ], 
  "measurement" : [ 0.999076, -0.0364535, 0.0227584, 0.987215, 0.0361291, 0.999242, 0.0145041, 0.141966, -0.0232698, -0.0136684, 0.999636, 0.024827, 0, 0, 0, 1 ], 
  "information" : [ 100, 0, 0, 0, 0, 0, 100, 0, 0, 0, 0, 100, 0, 0, 0, 10000, 0, 0, 10000, 0, 10000 ]
 }

"SE3PosePoseGeodesicErrorFactor" { 
  "#id" : 144, 
  "graph_id" : 42, 
  "enabled" : 1, 
  "variables" : [ 1028, 1029 ], 
  "measurement" : [ 0.999997, 0.00162463, -0.00179852, 0.915058, -0.00166083, 0.999792, -0.0203107, 0.132445, 0.00176515, 0.0203136, 0.999792, 0.116719, 0, 0, 0, 1 ], 
  "information" : [ 100, 0, 0, 0, 0, 0, 100, 0, 0, 0, 0, 100, 0, 0, 0, 10000, 0, 0, 10000, 0, 10000 ]
 }

"SE3PosePoseGeodesicErrorFactor" { 
  "#id" : 145, 
  "graph_id" : 43, 
  "enabled" : 1, 
  "variables" : [ 1029, 1030 ], 
  "measurement" : [ 0.999769, -0.0190458, -0.00995559, 0.943133, 0.0189553, 0.999779, -0.00910736, -0.00626403, 0.0101268, 0.00891654, 0.999909, -0.0503789, 0, 0, 0, 1 ], 
  "information" : [ 100, 0, 0, 0, 0, 0, 100, 0, 0, 0, 0, 100, 0, 0, 0, 10000, 0, 0, 10000, 0, 10000 ]
 }

"SE3PosePoseGeodesicErrorFactor" { 
  "#id" : 146, 
  "graph_id" : 44, 
  "enabled" : 1, 
  "variables" : [ 1030, 1031 ], 
  "measurement" : [ 0.999719, -0.0177347, -0.0157106, 0.906571, 0.0176572, 0.999831, -0.00506217, 0.182362, 0.0157977, 0.00478335, 0.999864, -0.033775, 0, 0, 0, 1 ], 
  "information" : [ 100, 0, 0, 0, 0, 0, 100, 0, 0, 0, 0, 100, 0, 0, 0, 10000, 0, 0, 10000, 0, 10000 ]
 }

"SE3PosePoseGeodesicErrorFactor" { 
  "#id" : 147, 
  "graph_id" : 45, 
  "enabled" : 1, 
  "variables" : [ 1031, 1032 ], 
  "measurement" : [ 0.0108026, 0.999776, 0.0181797, -0.0248331, -0.999573, 0.0103033, 0.0273386, 0.038751, 0.0271452, -0.0184673, 0.999461, -0.128537, 0, 0, 0, 1 ], 
  "information" : [ 100, 0, 0, 0, 0, 0, 100, 0, 0, 0, 0, 100, 0, 0, 0, 10000, 0, 0, 10000, 0, 10000 ]
 }

"SE3PosePoseGeodesicErrorFactor" { 
  "#id" : 148, 
  "graph_id" : 46, 
  "enabled" : 1, 
  "variables" : [ 1032, 1033 ], 
  "measurement" : [ 0.999422, 0.0280516, 0.0191797, 0.960335, -0.0281717, 0.999585, 0.00602072, -0.124964, -0.0190028, -0.00655757, 0.999798, -0.119639, 0, 0, 0, 1 ], 
  "information" : [ 100, 0, 0, 0, 0, 0, 100, 0, 0, 0, 0, 100, 0, 0, 0, 10000, 0, 0, 10000, 0, 10000 ]
 }

"SE3PosePoseGeodesicErrorFactor" { 
  "#id" : 149, 
  "graph_id" : 47, 
  "enabled" : 1, 
  "variables" : [ 1033, 1034 ], 
  "measurement" : [ 0.0226839, 0.999726, 0.00571304, -0.0564152, -0.999637, 0.022598, 0.0146762, -0.0435944, 0.0145431, -0.00604387, 0.999876, 0.00505313, 0, 0, 0, 1 ], 
  "information" : [ 100, 0, 0, 0, 0, 0, 100, 0, 0, 0, 0, 100, 0, 0, 0, 10000, 0, 0, 10000, 0, 10000 ]
 }

"SE3PosePoseGeodesicErrorFactor" { 
  "#id" : 150, 
  "graph_id" : 48, 
  "enabled" : 1, 
  "variables" : [ 1034, 1035 ], 
  "measurement" : [ 4.05312e-06, -0.999936, 0.0113719, 0.0701741, 0.999998, -2.16961e-05, -0.00226019, -0.0393573, 0.00226029, 0.0113719, 0.999933, -0.0441037, 0, 0, 0, 1 ], 
  "information" : [ 100, 0, 0, 0, 0, 0, 100, 0, 0, 0, 0, 100, 0, 0, 0, 10000, 0, 0, 10000, 0, 10000 ]
 }

"SE3PosePoseGeodesicErrorFactor" { 
  "#id" : 151, 
  "graph_id" : 49, 
  "enabled" : 1, 
  "variables" : [ 1035, 1036 ], 
  "measurement" : [ 0.999888, 0.0149419, 0.000608221, 0.976561, -0.0149503, 0.999733, 0.0175969, -0.0816183, -0.000345127, -0.0176041, 0.999845, 0.133834, 0, 0, 0, 1 ], 
  "information" : [ 100, 0, 0, 0, 0, 0, 100, 0, 0, 0, 0, 100, 0, 0, 0, 10000, 0, 0, 10000, 0, 10000 ]
 }

"SE3PosePoseGeodesicErrorFactor" { 
  "#id" : 152, 
  "graph_id" : 50, 
  "enabled" : 1, 
  "variables" : [ 1036, 1037 ], 
  "measurement" : [ 0.99999, 0.00203644, 0.003891, 1.17557, -0.00215066, 0.99956, 0.0295794, -0.0703211, -0.00382905, -0.0295875, 0.999555, -0.0592084, 0, 0, 0, 1 ], 
  "information" : [ 100, 0, 0, 0, 0, 0, 100, 0, 0, 0, 0, 100, 0, 0, 0, 10000, 0, 0, 10000, 0, 10000 ]
 }

"SE3PosePoseGeodesicErrorFactor" { 
  "#id" : 153, 
  "graph_id" : 51, 
  "enabled" : 1, 
  "variables" : [ 1037, 1038 ], 
  "measurement" : [ 0.999604, 0.0238824, -0.0148795, 1.23586, -0.023184, 0.998697, 0.0454636, -0.0584238, 0.0159459, -0.0451006, 0.998855, 0.283542, 0, 0, 0, 1 ], 
  "information" : [ 100, 0, 0, 0, 0, 0, 100, 0, 0, 0, 0, 100, 0, 0, 0, 10000, 0, 0, 10000, 0, 10000 ]
 }

"SE3PosePoseGeodesicErrorFactor" { 
  "#id" : 154, 
  "graph_id" : 52, 
  "enabled" : 1, 
  "variables" : [ 1038, 1039 ], 
  "measurement" : [ 0.999458, 0.0231855, -0.0233572, 1.25678, -0.0227955, 0.999599, 0.0168244, 0.00631497, 0.0237379, -0.0162828, 0.999586, 0.0763801, 0, 0, 0, 1 ], 
  "information" : [ 100, 0, 0, 0, 0, 0, 100, 0, 0, 0, 0, 100, 0, 0, 0, 10000, 0, 0, 10000, 0, 10000 ]
 }

"SE3PosePoseGeodesicErrorFactor" { 
  "#id" : 155, 
  "graph_id" : 53, 
  "enabled" : 1, 
  "variables" : [ 1039, 1040 ], 
  "measurement" : [ 0.999753, -0.012566, -0.0183234, 1.00476, 0.0122041, 0.999731, -0.0197269, 0.0620899, 0.0185664, 0.0194984, 0.999637, -0.123425, 0, 0, 0, 1 ], 
  "information" : [ 100, 0, 0, 0, 0, 0, 100, 0, 0, 0, 0, 100, 0, 0, 0, 10000, 0, 0, 10000, 0, 10000 ]
 }

"SE3PosePoseGeodesicErrorFactor" { 
  "#id" : 156, 
  "graph_id" : 54, 
  "enabled" : 1, 
  "variables" : [ 1040, 1041 ], 
